1 1 1 450   9.59323000000E+005  1.17572500000E+005  2.10834086645E+003 -1.45672367148E+001  9.65133024363E+000 -1.21346351597E+000  0.00000000000E+000
1 1 1 1290   9.59323000000E+005  1.17572500000E+005  2.13982369072E+003 -2.21330664093E+001  1.45591432228E+001 -1.45792007151E+000  0.00000000000E+000
1 1 1 2130   9.59323000000E+005  1.17572500000E+005  2.17130651498E+003 -2.89015934651E+001  1.88599938219E+001 -1.57744490207E+000  0.00000000000E+000
1 1 1 2970   9.59323000000E+005  1.17572500000E+005  2.20278933925E+003 -3.43514976825E+001  2.24003678316E+001 -1.71528214287E+000  0.00000000000E+000
1 1 1 3810   9.59323000000E+005  1.17572500000E+005  2.23427216351E+003 -3.83846985920E+001  2.51264117228E+001 -1.82273055539E+000  0.00000000000E+000
1 1 1 4650   9.59323000000E+005  1.17572500000E+005  2.26575498777E+003 -4.10949527154E+001  2.70870563317E+001 -1.87829574187E+000  0.00000000000E+000
1 1 1 5490   9.59323000000E+005  1.17572500000E+005  2.29723781204E+003 -4.27030086811E+001  2.84225581032E+001 -1.86626881130E+000  0.00000000000E+000
1 1 1 6330   9.59323000000E+005  1.17572500000E+005  2.32872063630E+003 -4.35119232849E+001  2.93475035614E+001 -1.77782467911E+000  0.00000000000E+000
1 1 1 7170   9.59323000000E+005  1.17572500000E+005  2.36020346057E+003 -4.39130471264E+001  3.01191423729E+001 -1.61698180129E+000  0.00000000000E+000
1 1 1 8010   9.59323000000E+005  1.17572500000E+005  2.39168628483E+003 -4.41762491408E+001  3.08987514074E+001 -1.34205537618E+000  1.73737642442E-002
2 2 1 450   9.59323000000E+005  1.17572500000E+005  2.10834086645E+003 -1.49643355751E+001  1.00350850900E+001 -1.22924755493E+000  0.00000000000E+000
2 2 1 1290   9.59323000000E+005  1.17572500000E+005  2.13987980869E+003 -2.27510772960E+001  1.51456607457E+001 -1.44892891825E+000  0.00000000000E+000
2 2 1 2130   9.59323000000E+005  1.17572500000E+005  2.17141875093E+003 -2.97086769511E+001  1.96364846472E+001 -1.53672558454E+000  0.00000000000E+000
2 2 1 2970   9.59323000000E+005  1.17572500000E+005  2.20295769316E+003 -3.53034261807E+001  2.33328457235E+001 -1.64814515691E+000  0.00000000000E+000
2 2 1 3810   9.59323000000E+005  1.17572500000E+005  2.23449663540E+003 -3.94363934781E+001  2.61696233741E+001 -1.73570281646E+000  0.00000000000E+000
2 2 1 4650   9.59323000000E+005  1.17572500000E+005  2.26603557764E+003 -4.22059039970E+001  2.81936732373E+001 -1.77765709820E+000  0.00000000000E+000
2 2 1 5490   9.59323000000E+005  1.17572500000E+005  2.29757451987E+003 -4.38442069238E+001  2.95525577084E+001 -1.75644379351E+000  0.00000000000E+000
2 2 1 6330   9.59323000000E+005  1.17572500000E+005  2.32911346211E+003 -4.46722959969E+001  3.04764696131E+001 -1.66348472891E+000  0.00000000000E+000
2 2 1 7170   9.59323000000E+005  1.17572500000E+005  2.36065240435E+003 -4.50962414922E+001  3.12407206924E+001 -1.50241621557E+000  0.00000000000E+000
2 2 1 8010   9.59323000000E+005  1.17572500000E+005  2.39219134659E+003 -4.53758766523E+001  3.20090097028E+001 -1.24293807354E+000  2.17322591438E-001
3 3 1 450   9.59323000000E+005  1.17572500000E+005  2.10834086645E+003 -1.52426753306E+001  1.02887965866E+001 -1.24235232437E+000  0.00000000000E+000
3 3 1 1290   9.59323000000E+005  1.17572500000E+005  2.13992761190E+003 -2.31869539269E+001  1.55300550433E+001 -1.42795090087E+000  0.00000000000E+000
3 3 1 2130   9.59323000000E+005  1.17572500000E+005  2.17151435736E+003 -3.02782001884E+001  2.01347410661E+001 -1.46758188279E+000  0.00000000000E+000
3 3 1 2970   9.59323000000E+005  1.17572500000E+005  2.20310110281E+003 -3.59727042494E+001  2.39198628069E+001 -1.53175313949E+000  0.00000000000E+000
3 3 1 3810   9.59323000000E+005  1.17572500000E+005  2.23468784826E+003 -4.01729261343E+001  2.68172829713E+001 -1.57618096045E+000  0.00000000000E+000
3 3 1 4650   9.59323000000E+005  1.17572500000E+005  2.26627459371E+003 -4.29809541263E+001  2.88743947553E+001 -1.58204172794E+000  0.00000000000E+000
3 3 1 5490   9.59323000000E+005  1.17572500000E+005  2.29786133916E+003 -4.46378599422E+001  3.02440660659E+001 -1.53233974365E+000  0.00000000000E+000
3 3 1 6330   9.59323000000E+005  1.17572500000E+005  2.32944808461E+003 -4.54819996090E+001  3.11684829563E+001 -1.41888552220E+000  0.00000000000E+000
3 3 1 7170   9.59323000000E+005  1.17572500000E+005  2.36103483006E+003 -4.59299021454E+001  3.19333719879E+001 -1.24312183436E+000  0.00000000000E+000
3 3 1 8010   9.59323000000E+005  1.17572500000E+005  2.39262157552E+003 -4.62262628786E+001  3.26986703307E+001 -9.82198739629E-001  4.06027778170E-001
4 4 1 450   9.59323000000E+005  1.17572500000E+005  2.10834086645E+003 -1.55125567350E+001  1.05347170162E+001 -1.25512334959E+000  0.00000000000E+000
4 4 1 1290   9.59323000000E+005  1.17572500000E+005  2.13997892123E+003 -2.36113472002E+001  1.59040781583E+001 -1.40969858788E+000  0.00000000000E+000
4 4 1 2130   9.59323000000E+005  1.17572500000E+005  2.17161697601E+003 -3.08341787135E+001  2.06208363767E+001 -1.40563855195E+000  0.00000000000E+000
4 4 1 2970   9.59323000000E+005  1.17572500000E+005  2.20325503079E+003 -3.66277544960E+001  2.44938768739E+001 -1.42730477981E+000  0.00000000000E+000
4 4 1 3810   9.59323000000E+005  1.17572500000E+005  2.23489308556E+003 -4.08956592719E+001  2.74520041240E+001 -1.43315667897E+000  0.00000000000E+000
4 4 1 4650   9.59323000000E+005  1.17572500000E+005  2.26653114034E+003 -4.37434341427E+001  2.95429976277E+001 -1.40698015253E+000  0.00000000000E+000
4 4 1 5490   9.59323000000E+005  1.17572500000E+005  2.29816919512E+003 -4.54205834634E+001  3.09246975614E+001 -1.33196659569E+000  0.00000000000E+000
4 4 1 6330   9.59323000000E+005  1.17572500000E+005  2.32980724990E+003 -4.62815472999E+001  3.18505162288E+001 -1.20028902020E+000  0.00000000000E+000
4 4 1 7170   9.59323000000E+005  1.17572500000E+005  2.36144530468E+003 -4.67507951830E+001  3.26148509497E+001 -1.01158545713E+000  0.00000000000E+000
4 4 1 8010   9.59323000000E+005  1.17572500000E+005  2.39308335945E+003 -4.70603271392E+001  3.33747740466E+001 -7.50700403370E-001  4.84647409643E+000
5 5 1 450   9.59323000000E+005  1.17572500000E+005  2.10834086645E+003 -1.57142752526E+001  1.07320171272E+001 -1.26276863398E+000  0.00000000000E+000
5 5 1 1290   9.59323000000E+005  1.17572500000E+005  2.13998805424E+003 -2.39189481576E+001  1.61967826809E+001 -1.38857845347E+000  0.00000000000E+000
5 5 1 2130   9.59323000000E+005  1.17572500000E+005  2.17163524203E+003 -3.12266919602E+001  2.09944521590E+001 -1.34495093696E+000  0.00000000000E+000
5 5 1 2970   9.59323000000E+005  1.17572500000E+005  2.20328242982E+003 -3.70796619098E+001  2.49280479554E+001 -1.32778635114E+000  0.00000000000E+000
5 5 1 3810   9.59323000000E+005  1.17572500000E+005  2.23492961761E+003 -4.13844595270E+001  2.79248790128E+001 -1.29830433033E+000  0.00000000000E+000
5 5 1 4650   9.59323000000E+005  1.17572500000E+005  2.26657680540E+003 -4.42504529514E+001  3.00336691467E+001 -1.24274947554E+000  0.00000000000E+000
5 5 1 5490   9.59323000000E+005  1.17572500000E+005  2.29822399319E+003 -4.59346037282E+001  3.14167588435E+001 -1.14437489150E+000  0.00000000000E+000
5 5 1 6330   9.59323000000E+005  1.17572500000E+005  2.32987118098E+003 -4.68057626124E+001  3.23375964993E+001 -9.95590019523E-001  0.00000000000E+000
5 5 1 7170   9.59323000000E+005  1.17572500000E+005  2.36151836877E+003 -4.72926769018E+001  3.30964207611E+001 -7.94451834340E-001  0.00000000000E+000
5 5 1 8010   9.59323000000E+005  1.17572500000E+005  2.39316555656E+003 -4.76122209641E+001  3.38456338573E+001 -5.33902651975E-001  1.52939015128E+001
6 6 1 450   9.59323000000E+005  1.17572500000E+005  2.10834086645E+003 -1.58059023530E+001  1.08465791919E+001 -1.26257699085E+000  0.00000000000E+000
6 6 1 1290   9.59323000000E+005  1.17572500000E+005  2.13990240811E+003 -2.40298536428E+001  1.63451342582E+001 -1.35717835001E+000  0.00000000000E+000
6 6 1 2130   9.59323000000E+005  1.17572500000E+005  2.17146394976E+003 -3.13378729878E+001  2.11626832073E+001 -1.27129496244E+000  0.00000000000E+000
6 6 1 2970   9.59323000000E+005  1.17572500000E+005  2.20302549141E+003 -3.71765042338E+001  2.51019142496E+001 -1.21048632914E+000  0.00000000000E+000
6 6 1 3810   9.59323000000E+005  1.17572500000E+005  2.23458703307E+003 -4.14596942327E+001  2.80927108827E+001 -1.13982578964E+000  0.00000000000E+000
6 6 1 4650   9.59323000000E+005  1.17572500000E+005  2.26614857472E+003 -4.43016916666E+001  3.01863707565E+001 -1.04884427892E+000  0.00000000000E+000
6 6 1 5490   9.59323000000E+005  1.17572500000E+005  2.29771011638E+003 -4.59657813939E+001  3.15494113875E+001 -9.21154831822E-001  0.00000000000E+000
6 6 1 6330   9.59323000000E+005  1.17572500000E+005  2.32927165803E+003 -4.68365035339E+001  3.24555931777E+001 -7.48734158710E-001  0.00000000000E+000
6 6 1 7170   9.59323000000E+005  1.17572500000E+005  2.36083319968E+003 -4.73421348223E+001  3.32065602001E+001 -5.27011548818E-001  0.00000000000E+000
6 6 1 8010   9.59323000000E+005  1.17572500000E+005  2.39239474134E+003 -4.76734431226E+001  3.39436017493E+001 -2.58091189212E-001  1.83147882847E+001
7 7 1 450   9.59323000000E+005  1.17572500000E+005  2.10834086645E+003 -1.57385771610E+001  1.08492499654E+001 -1.25017797639E+000  0.00000000000E+000
7 7 1 1290   9.59323000000E+005  1.17572500000E+005  2.13975830122E+003 -2.38803414354E+001  1.63130122968E+001 -1.31623295713E+000  0.00000000000E+000
7 7 1 2130   9.59323000000E+005  1.17572500000E+005  2.17117573599E+003 -3.10939364592E+001  2.10864417865E+001 -1.19427130944E+000  0.00000000000E+000
7 7 1 2970   9.59323000000E+005  1.17572500000E+005  2.20259317075E+003 -3.68395093499E+001  2.49763932227E+001 -1.09540400248E+000  0.00000000000E+000
7 7 1 3810   9.59323000000E+005  1.17572500000E+005  2.23401060552E+003 -4.10413841004E+001  2.79180332707E+001 -9.88703000537E-001  0.00000000000E+000
7 7 1 4650   9.59323000000E+005  1.17572500000E+005  2.26542804029E+003 -4.38188047326E+001  2.99659117711E+001 -8.66826699460E-001  0.00000000000E+000
7 7 1 5490   9.59323000000E+005  1.17572500000E+005  2.29684547505E+003 -4.54392941623E+001  3.12895928446E+001 -7.13458561780E-001  0.00000000000E+000
7 7 1 6330   9.59323000000E+005  1.17572500000E+005  2.32826290982E+003 -4.62987529744E+001  3.21702732155E+001 -5.20139609497E-001  0.00000000000E+000
7 7 1 7170   9.59323000000E+005  1.17572500000E+005  2.35968034459E+003 -4.68151261663E+001  3.29039131534E+001 -2.80452515441E-001  0.00000000000E+000
7 7 1 8010   9.59323000000E+005  1.17572500000E+005  2.39109777935E+003 -4.71514480543E+001  3.36185873444E+001 -5.43996326845E-003  1.50492450325E+001
8 8 1 450   9.59323000000E+005  1.17572500000E+005  2.10834086645E+003 -1.56627067745E+001  1.08432415008E+001 -1.23752962357E+000  0.00000000000E+000
8 8 1 1290   9.59323000000E+005  1.17572500000E+005  2.13962326620E+003 -2.37213857058E+001  1.62705225883E+001 -1.27860048345E+000  0.00000000000E+000
8 8 1 2130   9.59323000000E+005  1.17572500000E+005  2.17090566594E+003 -3.08418957576E+001  2.09997672930E+001 -1.12577839247E+000  0.00000000000E+000
8 8 1 2970   9.59323000000E+005  1.17572500000E+005  2.20218806568E+003 -3.64976041912E+001  2.48418333317E+001 -9.94503943685E-001  0.00000000000E+000
8 8 1 3810   9.59323000000E+005  1.17572500000E+005  2.23347046543E+003 -4.06222188240E+001  2.77367120557E+001 -8.57295622836E-001  0.00000000000E+000
8 8 1 4650   9.59323000000E+005  1.17572500000E+005  2.26475286517E+003 -4.33393306373E+001  2.97418370511E+001 -7.09402825008E-001  0.00000000000E+000
8 8 1 5490   9.59323000000E+005  1.17572500000E+005  2.29603526491E+003 -4.49206302339E+001  3.10296964586E+001 -5.34122697441E-001  0.00000000000E+000
8 8 1 6330   9.59323000000E+005  1.17572500000E+005  2.32731766466E+003 -4.57712725722E+001  3.18876995102E+001 -3.22664498202E-001  0.00000000000E+000
8 8 1 7170   9.59323000000E+005  1.17572500000E+005  2.35860006440E+003 -4.62959172480E+001  3.26039830051E+001 -6.78582530991E-002  0.00000000000E+000
8 8 1 8010   9.59323000000E+005  1.17572500000E+005  2.38988246414E+003 -4.66345171810E+001  3.32955000833E+001  2.11192991782E-001  2.06831765432E+000
9 9 1 450   9.59323000000E+005  1.17572500000E+005  2.10834086645E+003 -1.57904644864E+001  1.09782728451E+001 -1.24099487998E+000  0.00000000000E+000
9 9 1 1290   9.59323000000E+005  1.17572500000E+005  2.13960707476E+003 -2.39072666799E+001  1.64642813070E+001 -1.26271748158E+000  0.00000000000E+000
9 9 1 2130   9.59323000000E+005  1.17572500000E+005  2.17087328307E+003 -3.10698598959E+001  2.12410534213E+001 -1.08434880779E+000  0.00000000000E+000
9 9 1 2970   9.59323000000E+005  1.17572500000E+005  2.20213949138E+003 -3.67518598201E+001  2.51165794991E+001 -9.28106024225E-001  0.00000000000E+000
9 9 1 3810   9.59323000000E+005  1.17572500000E+005  2.23340569968E+003 -4.08904122654E+001  2.80307948729E+001 -7.68283232693E-001  0.00000000000E+000
9 9 1 4650   9.59323000000E+005  1.17572500000E+005  2.26467190799E+003 -4.36121376570E+001  3.00422298151E+001 -6.01582798002E-001  0.00000000000E+000
9 9 1 5490   9.59323000000E+005  1.17572500000E+005  2.29593811630E+003 -4.51947209817E+001  3.13270329668E+001 -4.10489593639E-001  0.00000000000E+000
9 9 1 6330   9.59323000000E+005  1.17572500000E+005  2.32720432461E+003 -4.60526710080E+001  3.21794604664E+001 -1.86309372086E-001  0.00000000000E+000
9 9 1 7170   9.59323000000E+005  1.17572500000E+005  2.35847053292E+003 -4.65863607920E+001  3.28864821247E+001  7.76304892529E-002  0.00000000000E+000
9 9 1 8010   9.59323000000E+005  1.17572500000E+005  2.38973674123E+003 -4.69257823138E+001  3.35616007308E+001  3.55651753325E-001  1.27369940749E-001
10 10 1 450   9.59323000000E+005  1.17572500000E+005  2.10834086645E+003 -1.60279546884E+001  1.11891996895E+001 -1.25322278353E+000  0.00000000000E+000
10 10 1 1290   9.59323000000E+005  1.17572500000E+005  2.13966768525E+003 -2.42824052008E+001  1.67878106765E+001 -1.26070217658E+000  0.00000000000E+000
10 10 1 2130   9.59323000000E+005  1.17572500000E+005  2.17099450404E+003 -3.15638638151E+001  2.16646134874E+001 -1.06251607940E+000  0.00000000000E+000
10 10 1 2970   9.59323000000E+005  1.17572500000E+005  2.20232132283E+003 -3.73388259265E+001  2.56206640505E+001 -8.88380657082E-001  0.00000000000E+000
10 10 1 3810   9.59323000000E+005  1.17572500000E+005  2.23364814163E+003 -4.15442048526E+001  2.85927865693E+001 -7.13168399007E-001  0.00000000000E+000
10 10 1 4650   9.59323000000E+005  1.17572500000E+005  2.26497496042E+003 -4.43086619136E+001  3.06393497868E+001 -5.34205908817E-001  0.00000000000E+000
10 10 1 5490   9.59323000000E+005  1.17572500000E+005  2.29630177922E+003 -4.59159646335E+001  3.19399441016E+001 -3.33144318109E-001  0.00000000000E+000
10 10 1 6330   9.59323000000E+005  1.17572500000E+005  2.32762859801E+003 -4.67884293827E+001  3.27949250487E+001 -1.01818554339E-001  0.00000000000E+000
10 10 1 7170   9.59323000000E+005  1.17572500000E+005  2.35895541680E+003 -4.73285782604E+001  3.34948328341E+001  1.65197913577E-001  0.00000000000E+000
10 10 1 8010   9.59323000000E+005  1.17572500000E+005  2.39028223560E+003 -4.76653153483E+001  3.41546811920E+001  4.37224949503E-001  2.50138019624E-002
11 11 1 450   9.59323000000E+005  1.17572500000E+005  2.10834086645E+003 -1.62478013790E+001  1.13853129894E+001 -1.26450453970E+000  0.00000000000E+000
11 11 1 1290   9.59323000000E+005  1.17572500000E+005  2.13973645275E+003 -2.46332742056E+001  1.70912889537E+001 -1.26135821693E+000  0.00000000000E+000
11 11 1 2130   9.59323000000E+005  1.17572500000E+005  2.17113203905E+003 -3.20290105702E+001  2.20643472381E+001 -1.04857860009E+000  0.00000000000E+000
11 11 1 2970   9.59323000000E+005  1.17572500000E+005  2.20252762536E+003 -3.78945560177E+001  2.60986846555E+001 -8.62066846880E-001  0.00000000000E+000
11 11 1 3810   9.59323000000E+005  1.17572500000E+005  2.23392321166E+003 -4.21660319089E+001  2.91277795894E+001 -6.76837351233E-001  0.00000000000E+000
11 11 1 4650   9.59323000000E+005  1.17572500000E+005  2.26531879796E+003 -4.49736929729E+001  3.12095607168E+001 -4.90426465119E-001  0.00000000000E+000
11 11 1 5490   9.59323000000E+005  1.17572500000E+005  2.29671438426E+003 -4.66062145183E+001  3.25262400564E+001 -2.83767835897E-001  0.00000000000E+000
11 11 1 6330   9.59323000000E+005  1.17572500000E+005  2.32810997056E+003 -4.74909220109E+001  3.33822588070E+001 -4.94881966991E-002  0.00000000000E+000
11 11 1 7170   9.59323000000E+005  1.17572500000E+005  2.35950555686E+003 -4.80329662640E+001  3.40719672345E+001  2.16229724679E-001  0.00000000000E+000
11 11 1 8010   9.59323000000E+005  1.17572500000E+005  2.39090114316E+003 -4.83631790182E+001  3.47132250225E+001  4.78834733168E-001  7.05046808197E-002
12 12 1 450   9.59323000000E+005  1.17572500000E+005  2.10834086645E+003 -1.64784970528E+001  1.15876034637E+001 -1.27688045514E+000  0.00000000000E+000
12 12 1 1290   9.59323000000E+005  1.17572500000E+005  2.13981690544E+003 -2.50045182578E+001  1.74070802164E+001 -1.26560709259E+000  0.00000000000E+000
12 12 1 2130   9.59323000000E+005  1.17572500000E+005  2.17129294443E+003 -3.25243036920E+001  2.24829266985E+001 -1.04143839047E+000  0.00000000000E+000
12 12 1 2970   9.59323000000E+005  1.17572500000E+005  2.20276898342E+003 -3.84894435978E+001  2.66018658175E+001 -8.45952678918E-001  0.00000000000E+000
12 12 1 3810   9.59323000000E+005  1.17572500000E+005  2.23424502242E+003 -4.28345243870E+001  2.96934658343E+001 -6.53956344489E-001  0.00000000000E+000
12 12 1 4650   9.59323000000E+005  1.17572500000E+005  2.26572106141E+003 -4.56911275367E+001  3.18149239444E+001 -4.62930504043E-001  0.00000000000E+000
12 12 1 5490   9.59323000000E+005  1.17572500000E+005  2.29719710040E+003 -4.73524568132E+001  3.31507163606E+001 -2.53143564475E-001  0.00000000000E+000
12 12 1 6330   9.59323000000E+005  1.17572500000E+005  2.32867313939E+003 -4.82498585624E+001  3.40086001160E+001 -1.81470876788E-002  0.00000000000E+000
12 12 1 7170   9.59323000000E+005  1.17572500000E+005  2.36014917838E+003 -4.87922473368E+001  3.46875293399E+001  2.44114796280E-001  0.00000000000E+000
12 12 1 8010   9.59323000000E+005  1.17572500000E+005  2.39162521737E+003 -4.91145593086E+001  3.53094004673E+001  4.95887061058E-001  5.65172636372E-003
13 13 1 450   9.59323000000E+005  1.17572500000E+005  2.10834086645E+003 -1.67697029362E+001  1.18314018756E+001 -1.29411779231E+000  0.00000000000E+000
13 13 1 1290   9.59323000000E+005  1.17572500000E+005  2.13992866658E+003 -2.54784741832E+001  1.77929446866E+001 -1.27679698911E+000  0.00000000000E+000
13 13 1 2130   9.59323000000E+005  1.17572500000E+005  2.17151646672E+003 -3.31627610391E+001  2.29994024795E+001 -1.04313865578E+000  0.00000000000E+000
13 13 1 2970   9.59323000000E+005  1.17572500000E+005  2.20310426685E+003 -3.92622916516E+001  2.72278301424E+001 -8.41002080494E-001  0.00000000000E+000
13 13 1 3810   9.59323000000E+005  1.17572500000E+005  2.23469206698E+003 -4.37083023029E+001  3.04022956400E+001 -6.44497553232E-001  0.00000000000E+000
13 13 1 4650   9.59323000000E+005  1.17572500000E+005  2.26627986711E+003 -4.66333019405E+001  3.25786178491E+001 -4.50799099622E-001  0.00000000000E+000
13 13 1 5490   9.59323000000E+005  1.17572500000E+005  2.29786766724E+003 -4.83354237218E+001  3.39435267213E+001 -2.39482763841E-001  0.00000000000E+000
13 13 1 6330   9.59323000000E+005  1.17572500000E+005  2.32945546737E+003 -4.92505268640E+001  3.48083407330E+001 -5.11950913464E-003  0.00000000000E+000
13 13 1 7170   9.59323000000E+005  1.17572500000E+005  2.36104326751E+003 -4.97943715173E+001  3.54789328101E+001  2.52524388576E-001  0.00000000000E+000
13 13 1 8010   9.59323000000E+005  1.17572500000E+005  2.39263106764E+003 -5.01091887550E+001  3.60833640189E+001  4.92881651099E-001  1.48165865036E-001
